0.033
0.043
0.061
0.077
0.084
0.101
0.030
0.024
0.031
0.028
0.025
0.027
0.028
0.026
0.024
0.035
0.028
0.025
0.028
0.028
0.025
0.032
0.031
0.032
0.030
0.028
0.028
0.027
0.030
0.030
0.028
0.031
0.032
0.032
0.028
0.031
0.030
0.029
0.028
0.028
0.030
0.027
0.030
0.032
0.033
0.036
0.030
0.032
0.029
0.034
0.034
0.032
0.032
0.031
0.028
0.034
0.029
0.031
0.032
0.032
0.035
0.034
0.031
0.029
0.034
0.037
0.033
0.031
0.031
0.029
0.030
0.030
0.034
0.029
0.031
0.033
0.030
0.025
0.035
0.033
0.035
0.029
0.032
0.033
0.037
0.031
0.027
0.030
0.036
0.028
0.035
0.031
0.036
0.031
0.034
0.035
0.032
0.029
0.037
0.035
0.031
0.034
0.031
0.036
0.033
0.036
0.032
0.033
0.030
0.034
0.048
0.035
0.032
0.029
0.052
0.038
0.035
0.036
0.036
0.035
0.034
0.033
0.034
0.035
0.030
0.033
0.037
0.035
0.032
0.033
0.035
0.035
0.033
0.041
0.032
0.036
0.032
0.034
0.033
0.032
0.031
0.032
0.034
0.036
0.034
0.033
0.034
0.034
0.035
0.034
0.034
0.037
0.031
0.035
0.036
0.038
0.035
0.032
0.036
0.034
0.035
0.036
0.034
0.037
0.036
0.038
0.035
0.041
0.036
0.033
0.034
0.032
0.033
0.039
0.034
0.036
0.034
0.035
0.039
0.033
0.036
0.035
0.038
0.040
0.038
0.035
0.035
0.037
0.038
0.037
0.036
0.035
0.041
0.039
0.038
0.034
0.038
0.036
0.037
0.037
0.036
0.037
0.036
0.035
0.034
0.037
0.039
0.036
0.036
0.041
0.036
0.036
0.036
0.040
0.041
0.036
0.038
0.038
0.041
0.040
0.037
0.041
0.043
0.039
0.038
0.038
0.041
0.037
0.034
0.038
0.042
0.040
0.041
0.040
0.039
0.040
0.040
0.040
0.042
0.039
0.040
0.040
0.041
0.039
0.041
0.038
0.042
0.037
0.035
0.043
0.039
0.040
0.037
0.039
0.041
0.042
0.043
0.039
0.041
0.040
0.041
0.039
0.038
0.041
0.037
0.041
0.039
0.045
0.040
0.045
0.039
0.040
0.050
0.041
0.038
0.041
0.043
0.041
0.047
0.041
0.046
0.042
0.041
0.047
0.040
0.044
0.042
0.040
0.041
0.042
0.044
0.040
0.040
0.041
0.039
0.042
0.038
0.040
0.040
0.041
0.040
0.042
0.042
0.040
0.040
0.040
0.041
0.038
0.042
0.043
0.044
0.043
0.044
0.046
0.043
0.043
0.044
0.046
0.043
0.046
0.043
0.043
0.049
0.044
0.044
0.053
0.046
0.045
0.044
0.047
0.045
0.055
0.043
0.040
0.043
0.040
0.044
0.044
0.041
0.045
0.046
0.041
0.045
0.041
0.045
0.044
0.043
0.043
0.045
0.049
0.047
0.044
0.046
0.045
0.044
0.044
0.045
0.045
0.044
0.050
0.046
0.046
0.046
0.047
0.050
0.049
0.049
0.059
0.050
0.047
0.050
0.047
0.048
0.049
0.051
0.048
0.046
0.047
0.048
0.049
0.044
0.050
0.046
0.049
0.048
0.047
0.049
0.055
0.050
0.043
0.058
0.051
0.049
0.057
0.049
0.047
0.054
0.049
0.080
0.051
0.050
0.050
0.046
0.048
0.052
0.049
0.046
0.049
0.048
0.055
0.048
0.055
0.050
0.048
0.049
0.050
0.050
0.050
0.051
0.050
0.047
0.054
0.047
0.048
0.055
0.049
0.060
0.051
0.053
0.064
0.053
0.050
0.056
0.051
0.051
0.052
0.051
0.055
0.056
0.062
0.059
0.052
0.050
0.055
0.053
0.055
0.051
0.057
0.052
0.050
0.051
0.058
0.056
0.053
0.053
0.050
0.051
0.053
0.053
0.052
0.056
0.051
0.050
0.055
0.052
0.052
0.049
0.055
0.054
0.057
0.053
0.051
0.053
0.059
0.054
0.053
0.055
0.057
0.051
0.052
0.052
0.052
0.053
0.056
0.056
0.060
0.051
0.056
0.056
0.057
0.059
0.056
0.053
0.056
0.056
0.053
0.057
0.058
0.054
0.054
0.053
0.056
0.054
0.053
0.054
0.053
0.053
0.057
0.055
0.060
0.060
0.057
0.057
0.067
0.061
0.055
0.052
0.056
0.058
0.058
0.054
0.057
0.055
0.057
0.055
0.057
0.058
0.057
0.057
0.056
0.059
0.060
0.059
0.060
0.061
0.063
0.061
0.058
0.058
0.061
0.058
0.071
0.070
0.071
0.058
0.065
0.057
0.055
0.058
0.064
0.058
0.061
0.060
0.063
0.063
0.057
0.054
0.062
0.062
0.062
0.061
0.067
0.055
0.061
0.061
0.063
0.055
0.065
0.058
0.064
0.058
0.063
0.059
0.058
0.059
0.064
0.060
0.059
0.060
0.058
0.061
0.065
0.061
0.065
0.065
0.063
0.062
0.064
0.060
0.055
0.057
0.058
0.063
0.062
0.057
0.061
0.060
0.062
0.060
0.068
0.060
0.055
0.058
0.061
0.061
0.062
0.061
0.055
0.059
0.058
0.060
0.061
0.060
0.061
0.061
0.061
0.058
0.059
0.064
0.062
0.061
0.058
0.061
0.062
0.066
0.063
0.058
0.061
0.065
0.067
0.061
0.071
0.064
0.074
0.066
0.065
0.067
0.059
0.062
0.070
0.064
0.061
0.064
0.061
0.062
0.065
0.065
0.064
0.066
0.063
0.065
0.063
0.063
0.064
0.073
0.061
0.066
0.066
0.067
0.063
0.073
0.081
39.621
35.925
35.949
0.033
36.003
0.035
0.027
0.032
0.084
0.066
0.133
0.130
0.114
0.111
